00100100000010000000000000000000
00111100000000010001000000000001
00110100001010010000000000000000
00100100000000100000000000000100
00111100000000010001000000000001
00110100001001000000000000100000
00000000000000000000000000001100
00000001000000000010000000100000
00100100000000100000000000000001
00000000000000000000000000001100
00100100000000100000000000000100
00111100000000010001000000000001
00110100001001000000000000111010
00000000000000000000000000001100
00100100000000100000000000000101
00000000000000000000000000001100
10101101001000100000000000000000
00100001000010000000000000000001
00100001001010010000000000000100
00101001000000010000000000001000
00010100001000001111111111101110
00100100000010100000000000000111
00100100000010000000000000000000
00111100000000010001000000000001
00110100001010010000000000000000
10001101001010110000000000000000
10001101001011000000000000000100
00000001100010110000100000101010
00010000001000000000000000000010
10101101001011000000000000000000
10101101001010110000000000000100
00100001000010000000000000000001
00100001001010010000000000000100
00000001000010100000100000101010
00010100001000001111111111110110
00100000000000010000000000000001
00000001010000010101000000100010
00010101010000001111111111110000
00100100000000100000000000000100
00111100000000010001000000000001
00110100001001000000000000101101
00000000000000000000000000001100
00100100000000100000000000000100
00111100000000010001000000000001
00110100001001000000000000110101
00000000000000000000000000001100
00100100000010000000000000000000
00111100000000010001000000000001
00110100001010010000000000000000
00100100000000100000000000000100
00111100000000010001000000000001
00110100001001000000000000110111
00000000000000000000000000001100
00000001000000000010000000100000
00100100000000100000000000000001
00000000000000000000000000001100
00100100000000100000000000000100
00111100000000010001000000000001
00110100001001000000000000111010
00000000000000000000000000001100
10001101001001000000000000000000
00100100000000100000000000000001
00000000000000000000000000001100
00100100000000100000000000000100
00111100000000010001000000000001
00110100001001000000000000110101
00000000000000000000000000001100
00100001000010000000000000000001
00100001001010010000000000000100
00101001000000010000000000001000
00010100001000001111111111101010
00100100000000100000000000001010
00000000000000000000000000001100
